#90858446
14865147
16874081
20668417
23703136
26119790
27304237
42449046
45373441
51446306
54321622
57098711
60051257
63862569
76637058
85120257
86034761
100839511
103102505
118186136
132830347
133618873
137443799
138626395
141149084
146595585
151363289
154731657
157110104
158838133
162541236
163861318
167710941
168517865
169086259
169331987
170462269
170907664
171747561
171971825
173063624
176192696
176602458
178363443
179305490
179546507
180093273
180542487
181464553
183820786
184739516
185298080
187897095
188873995
190770332
194871367
195215943
199891666
204238716
212888456
214701397
214974872
216482425
216692685
219935859
222881717
225252235
226313386
228735036
229709997
229977077
230192947
230218496
231136217
231463201
234034042
234235944
234385886
235163648
236896832
241472701
243946968
245528596
245775346
246522067
254340689
256182317
261932199
264616084
267384469
268092809
269891639
270364309
270780454
276205666
276695760
277488166
278759691
280955673
280957640
282256753
#176602458
19642010
32922599
34145135
43049707
43630774
44870175
51646492
54605359
56646546
62654249
69894060
69994161
72241414
80567912
80960416
90858446
93719451
101480925
110605731
112902799
122839891
123347094
137146922
137241578
139087195
139511040
143074774
144597544
146558627
147600746
149264636
151148410
153837225
159845455
159988372
160319153
161504440
164836283
165256263
165702482
165879203
167104247
168352691
170301105
170893789
172760338
173041668
173297166
174974188
175865190
176681429
178355880
181255126
183365275
184029652
184405249
188661944
190063757
192073227
193410931
195728894
198239876
214380832
215218272
216696351
219797473
227569329
228166169
230591916
234542458
234649545
241834998
251652014
254513504
259073224
263433362
269891010
270876803
274394793
277295899
278442785
286724878
295649942
298434694
300768724
303364101
307628966
320584011
323612825
325030310
326869334
329872217
333263731
342016669
344501481
352703639
371345709
385650320
391634300
392830903
#326869334
824496
6026455
10446877
11640677
14380977
15155139
23865943
28701404
37310576
43634271
45880732
49541524
52446166
59903308
64141499
66943698
68821727
69614986
92207103
93094709
93231754
100522177
107072370
110641352
112196521
119867274
119922060
125356917
135181989
135239532
138265844
139366693
142914694
146059529
148780772
152590110
152760972
155687570
156688861
156721589
157938353
162694729
166259445
166392802
170465700
172526112
173867526
174659753
176602458
177026025
177565115
179224547
182826238
185940475
188036082
194899315
196393601
201519489
201964085
205710030
206534877
206770707
207812751
208569250
212357570
212551977
216523355
223183680
224501736
224834302
227184764
231888562
232186576
234477363
234712063
236748489
236896832
240519474
242996023
244667657
245529655
246769785
255117831
256431143
256938673
257083854
260124215
265454528
267607050
269386873
269475717
269997052
271135306
272937317
274923992
281561887
282244955
284556347
292027218
292464718
#218416029
2454786
2653780
11371049
18013818
20804161
41884618
44005758
44162964
50559860
51856418
54955173
67445076
74365456
93402091
102711908
104010440
104050998
108890381
121491832
126568936
131687742
132331445
133492221
133616880
140504916
143167979
146626705
150305671
150334297
150523644
152827080
152834998
155181496
158031283
158570518
158572107
158929619
159518327
161029095
164918225
165288649
167434904
167933070
168015230
168997579
169705475
170446526
172603934
175461962
175796784
176369898
177969355
178138276
178369252
178614171
179098706
179193887
179318962
180933846
181201715
182336693
184180493
184761283
184841863
186071071
186222027
189135585
194227816
194765115
195593490
197098716
201587978
203797785
206562505
206724005
211004374
211750195
212503911
213086399
213177058
216603049
219039903
220862703
221806762
222959992
223593638
224710044
225237448
225661815
228723910
229499757
229597101
233352875
234427528
238122222
242376284
244208579
244247997
244860836
246232294
#172526112
71393
1768845
1884666
1886843
3426738
3658159
7306362
9207403
10867364
11131211
11852781
13977599
16344925
21880919
32436914
33002859
33504066
43689573
46010715
46588026
48482531
58128725
58180035
61941104
62667528
64471095
66891835
69581037
69943595
77133684
80934331
89745491
91585861
93231754
96523112
100100145
100560266
105753170
114755930
118477285
120525174
121244946
131819540
133284981
133574664
134190228
137680869
139069609
139352794
145260383
150927808
151411215
152760972
155204563
155265031
156072768
156415276
157938353
158518503
159801497
160627665
162942296
165045425
165210117
169342299
172177885
173867526
174659753
174820115
175241704
177026025
177618560
178848830
181278892
182826238
183685186
183986745
184281621
185153368
185503761
185810935
187378592
188950478
189699538
190583250
190963731
197247023
197255082
199655817
201103977
202465025
204685993
204908044
205509030
206121653
209004788
209725105
210011994
210227430
211125732
#323612825
2292727
4108471
9729659
16544039
53191868
54854546
58128725
60202350
61568302
64728508
70063570
76317826
76328508
86707294
93231754
117558041
121244946
124722456
126189513
133953061
138311501
149174184
152558679
152760972
153116647
154450167
155187037
155204563
155592022
157647899
157938353
158518503
163295260
164021355
165530602
165816206
168101505
168535542
170098391
170648829
171677736
172526112
173867526
173959522
174659753
176602458
176699447
177178608
180414189
181278892
182826238
183685186
186452785
186648059
187313599
187378592
188230192
189338013
190794854
190936852
196536376
197393197
201348724
202075538
205126124
209292960
209629186
210550671
211125732
211520655
212338441
212629271
213341897
213420628
213847112
214253780
216692685
219880435
220278303
220679655
222706589
223288052
224469220
224682337
225702158
226243923
227184764
227438250
228789370
231772105
235035034
235941242
236214499
236896832
239502554
239971119
243867123
244495362
245236861
246616079
#230886208
794668
2316805
2911773
8348400
11819860
65869602
86025153
89555698
106510732
120043892
121244946
142649575
152586425
152832058
154744602
156383566
168535542
168731405
176387888
180408032
182729902
187121667
187662743
191925576
192890076
198521546
201273996
202035575
203716798
207148499
209589646
210589166
211820412
213420628
221933949
223229544
223437330
225489607
229988401
230197320
233655467
233847542
233950035
236377380
239380870
247686505
250237010
256847830
268258766
270311887
271350164
272995564
284571762
284875110
286452894
288077837
291661693
291943565
299364180
318806755
319717623
327438315
331846025
335044699
335633650
345731529
351566439
351652267
353022856
357628533
359479187
369558867
387244675
392146928
414809258
417156582
417772610
426947775
427162810
444394016
461547882
463606947
467626681
484575603
485990539
505579105
515537381
520803133
546011528
569073665
593669678
594384702
618357767
659140211
708667623
709416056
#321469425
135229867
145730424
168773402
200197434
204476196
217339073
231562331
232906826
258411541
293913930
306199883
325488545
350330748
630312225
#214380832
759100
771058
779863
937756
1099598
1401259
1871320
1964657
2046228
2367554
2429746
2489411
2603015
2809017
3046421
3192984
3339608
3415600
3458649
3464491
3780189
3912976
4405955
4469998
4531368
4858169
4896623
5588083
5656307
5787036
6138407
6301425
6453587
6542903
6748013
6776126
6917639
7664196
7829609
8807525
8821398
9037521
9427345
9587683
9735971
10092735
10230715
10376942
10410684
10469312
11359916
12088557
15473561
16194022
16542410
16944078
17298467
17837081
18106664
18806208
19086910
19370642
20682943
20801447
20868636
21032540
21501013
21635937
21709248
21883670
22048461
22612022
23961357
25562124
28521018
29067738
34010156
36376003
37597057
44769435
54693052
65126628
69633741
82747340
84333555
84607546
84753609
91955107
96439522
102889997
111201930
127367441
132943905
136858168
139652711
139939269
141282888
143347519
159363187
182103434
#187121667
65869602
80943424
82512025
107228544
121244946
147903858
151336537
156383566
156619599
161952005
168535542
170648829
171422302
173052295
174562949
184317712
184796740
190334314
192955609
198239876
201273996
203330695
205864468
211688065
211820412
213420628
222391424
223716668
228104273
230562222
230886208
233950035
239380870
240406721
241678640
245287686
250237010
255413500
265595445
267574186
272995564
279750907
284565109
286452894
291943565
297464059
303839361
323078510
327438315
329475886
331846025
342281008
351652267
371017243
372238792
374861139
422100627
422474518
427162810
431917761
444394016
493205075
496664479
497426144
501892531
522307974
550703020
607551834
619696102
644592970
685175219
821114078
857403337
#323869032
194694
1462812
5446429
7475485
16051157
16303849
22774824
23818734
31995849
38967421
45296430
50352453
64581273
68016820
78712256
82096106
85175571
96450520
96595205
107759159
119216832
124340494
135240429
139626652
143426662
143976052
144356446
146654401
149200735
153216570
153561845
158563521
158943853
160786540
160978124
161921430
162888879
163356596
164577192
165171730
165710647
168568055
170436866
174759029
179153634
179627112
182405613
185679206
187101997
187766875
188355854
190126591
192155323
193805430
194437979
196357744
201273996
203345651
203570926
204332210
207209469
208344893
219528359
221295588
223330933
223785737
224515278
225632479
228259067
228603526
231197765
231942919
234526129
235357455
239100632
241181127
243955509
244008877
248949914
254794293
257317005
258675832
259409893
264748116
266080606
267906565
268720031
270406771
274349493
274627021
286204716
289860147
296389683
299236079
302605861
305704763
309295008
310251298
314713244
316138177
#251424312
52889175
71983780
121050164
135728057
152125559
153407910
159267236
160222601
163965001
168830609
171606695
174690858
183642321
184645658
185901872
186105016
202291800
207172988
208343839
208352068
208470073
212785995
213358442
213600235
214380832
215991559
224393608
227503012
233055794
235460492
236450283
236703436
238818634
238881951
242041031
251951158
253390971
256431143
262219245
263230006
274472012
283319815
284512963
292121158
298423546
298776587
309043411
324008016
327290445
328125146
328412567
337454511
345130173
345944004
347862290
349939430
376020127
424263121
429962221
438543766
468472058
489405935
492472605
523898011
556196849
662434956
